41695
18837
19699
21664
15310
3342
47339
46082
28351
15087
8358
35991
46595
35139
38602
48679
51270
53809
4871
45199
51726
48901
48325
4579
13450
21477
38027
40668
51315
33773
4736
50228
42211
34132
36959
7169
40303
10980
19406
41964
4880
33808
42669
22326
31315
53150
40013
30689
17725
5983
16268
24772
31476
35083
13965
21648
17395
25513
19383
51175
10881
14686
6390
33199
44185
1579
7387
13799
48019
51488
43301
17678
33909
30983
53567
5321
10255
50465
31108
21505
7793
48250
41573
24315
3723
53919
26423
50855
24305
37605
8565
26566
31698
21031
39487
22432
33336
51298
38986
35421
29870
50113
40217
25775
27671
50561
30729
21963
46438
23942
27196
23060
39761
53193
18370
8120
46145
24708
14798
41
51384
51571
10152
43681
29108
27023
483
10203
32938
14677
19927
32252
44213
20559
24665
33487
21253
24794
48658
43238
50713
16941
48794
26102
52600
28204
40353
4790
48357
17296
27130
36546
34462
20442
41356
24220
48892
37350
20106
26933
54066
3009
31247
52500
24409
22817
43742
54003
26430
28400
41980
264
24961
5597
53975
54087
53354
3339
20731
33881
28906
27476
7382
25487
51481
17076
15871
49348
42733
44663
27847
18351
42729
46503
27705
53125
14781
5428
29934
36558
43793
16051
24735
7402
1602
4397
51103
45261
40211
35695
7295
30883
48677
36843
42954
1692
8195
17568
48054
48624
42725
50138
1593
52624
33494
16076
49137
16202
53664
23277
27713
38835
24723
29819
17518
10510
45642
17644
25726
3960
13476
41629
45827
51204
30480
12833
33450
17486
44415
47201
26627
53443
46287
36959
46119
39400
51474
20271
29154
6302
16592
15370
42630
27748
31414
22084
48032
37295
45075
34520
9826
8550
12971
16682
115
36804
21758
52592
7726
39105
2111
2686
1524
42270
16472
41915
40277
52458
34657
12085
53123
27583
49798
32203
6411
45592
17350
20365
13253
33776
40775
50254
39080
19375
9229
41771
15061
1997
16699
38247
48271
35881
47693
52326
33191
17586
33227
6043
43167
39600
2879
3077
15763
27404
20296
35265
42923
38358
35214
36021
28971
17941
49813
12306
22819
43999
46925
6850
47659
42150
45267
21020
27001
22436
32118
13360
50157
39606
33272
5860
3101
15829
17149
25132
3256
19619
427
3661
6864
6290
12387
51344
7147
53596
13678
12976
25769
23532
17576
34343
436
45208
45543
32698
39477
14907
3777
27593
13394
50526
25068
23735
30753
38176
47246
24802
31515
9401
52287
36644
9695
22236
45494
11575
38578
37518
44260
23976
15557
22933
22248
33975
23344
45644
49917
40748
8893
33532
27005
31383
44934
26801
33531
5320
5264
4025
28939
48912
41949
27577
18785
3630
8895
20107
5617
21635
24243
14873
40297
15729
28289
43190
45099
45329
46555
50178
8144
28115
27954
21237
10372
48395
48315
47765
47901
12118
6714
19393
27228
10074
41845
7523
32249
46407
49027
37590
50970
45703
3772
2974
49035
22058
32646
1165
39883
192
33240
7975
33753
1063
22583
6796
17602
31317
2297
20151
50682
3609
35822
10914
9352
4885
53173
25589
13800
43298
20795
26637
16222
23295
39020
14404
41263
12399
9530
48807
47284
47462
6173
24337
6792
48063
22142
17545
20813
51915
42230
36689
40369
19792
44801
50121
38999
37053
35733
45381
43875
47815
43289
572
53139
16439
40621
9262
31317
14766
15430
25180
45569
27035
34135
20955
48289
13363
52431
8285
50694
8761
41493
49617
43835
50934
48644
10599
17821
24566
24927
49366
4503
29656
45607
53152
17745
7466
48437
45254
47532
12733
31559
41575
28061
17337
20233
50826
3853
12690
19275
22315
28316
24483
657
40879
39686
16379
9090
41837
1516
20145
36391
11773
27163
23211
14498
35314
25404
19880
37676
7028
19334
50717
15294
26330
48755
44584
23217
27269
5707
5332
3630
12044
18557
20806
114
39823
35367
43010
24528
28896
116
38365
40960
34800
4221
43257
43458
46822
19842
49588
12133
2072
48254
30526
80
848
31421
27319
23061
47027
24690
18812
50135
53205
4041
27078
36414
20166
36236
29479
45385
9514
756
7214
5792
10987
26845
12615
47577
53123
19176
48222
35831
47600
8323
1218
1747
49238
39958
28222
13616
17206
36591
4853
14284
38803
35191
7261
27217
23968
52607
29223
7735
40117
12402
743
25510
43575
12736
10167
8419
25919
3294
43447
1619
17570
24761
52471
44712
33880
30373
2878
38744
44878
45246
18221
16056
16271
24181
22043
52641
53411
47617
37566
42846
39738
5023
20404
53926
22229
15863
8842
35864
8140
7169
40544
39963
40965
7834
38210
45151
42055
45316
30200
2608
26469
5883
5707
43026
8639
5821
51255
50699
46643
48961
6492
26436
36825
49382
5623
36828
50782
32011
33300
39522
24623
48309
13849
17959
51182
45689
40924
14413
49368
44930
21783
51044
24167
52649
50282
37224
20483
52033
47475
42940
10133
11724
14213
37601
50670
34246
34730
28131
29698
18281
10185
26283
47156
39432
30126
24105
46273
19561
45954
20298
37742
14998
4395
37215
25933
2643
25615
44856
35352
11191
54267
24947
5557
1343
41307
20951
38818
14693
28798
40679
19617
19451
50753
20806
11822
27957
22097
28668
5898
25823
27856
53564
26726
15194
9865
27471
22535
49791
32817
18317
24550
28039
54053
47256
49346
18336
19239
16000
6375
49295
43038
41374
40185
5092
38312
13407
32290
22334
22189
53277
7933
30810
43295
19914
49001
7649
45650
49089
32434
4778
35622
35187
28844
8623
22292
13272
30315
16897
11994
7052
38871
36498
42776
23319
41493
31177
30402
16892
23433
42070
16813
41265
23046
41426
46460
34279
41886
41136
18386
8192
43719
41049
5957
37873
21806
34987
48483
43738
45915
31358
8768
29467
22097
23959
206
43017
41289
20913
12394
13169
35035
3136
27882
2819
15815
34590
45519
8889
32950
15678
11681
1349
38681
4164
7959
27335
18593
39903
26756
25704
35689
43639
1086
11731
33857
35798
20197
48668
43306
7205
1516
8131
11594
24467
12473
53957
36410
1232
7571
46285
24597
3423
30495
9451
26015
7849
5503
23170
45143
48016
38753
27569
7141
10059
21994
49771
48432
48266
6051
20573
37780
7287
35439
13897
14350
6700
28359
2132
4756
2918
22992
14104
19258
12594
47562
40001
12686
21764
3295
459
37172
24128
20184
26423
7796
12930
13870
54221
24452
32439
154
13946
17723
11545
36304
30563
35442
